2.5070196827138455e-21	3.4812855231952757e-16
2.615761009719916e-21	3.6028594774837456e-16
2.729218963516185e-21	3.7283663893977856e-16
2.847598126563529e-21	3.858245379944537e-16
2.9653831847598295e-21	3.972671836334008e-16
3.070211921564812e-21	4.025557468432221e-16
3.166500014109044e-21	4.0674631963214837e-16
3.265807897144175e-21	4.1093313081498273e-16
3.3682302774441025e-21	4.156420159497224e-16
3.507550217131674e-21	4.231309463253413e-16
3.659689295967484e-21	4.342507459972745e-16
3.818427367797319e-21	4.455880335768447e-16
3.984050662226783e-21	4.566848449331344e-16
4.148842749540617e-21	4.658997051820901e-16
4.312120615660632e-21	4.749452870386058e-16
4.46455762933684e-21	4.823456848014047e-16
4.595696896306806e-21	4.867317132005478e-16
4.730688170299455e-21	4.909392326958235e-16
4.9073840985494775e-21	4.974942066960704e-16
5.12024060808717e-21	5.134880022875351e-16
5.342329713391303e-21	5.315983889048265e-16
5.5740518759031164e-21	5.513175398422649e-16
5.815824926974769e-21	5.720079406687359e-16
6.068084821284665e-21	5.919340439964676e-16
6.331286422932085e-21	6.116816563208379e-16
6.605904325628359e-21	6.274407582513535e-16
6.87914401425404e-21	6.404661946415602e-16
7.136086914188883e-21	6.506877634875322e-16
7.416927889404136e-21	6.631418500211633e-16
7.738635208482334e-21	6.830275723553365e-16
8.07429649889364e-21	7.049269097374201e-16
8.424517010517117e-21	7.327941164905817e-16
8.789928245787984e-21	7.749065379549674e-16
9.06559827965202e-21	7.846394624978431e-16
9.24226535255072e-21	7.835712243277436e-16
9.477089564771308e-21	7.874658874370476e-16
9.83106832588882e-21	8.020051833434925e-16
1.0257488358813038e-20	8.391108157652435e-16
1.0702404249812034e-20	8.803660542993444e-16
1.1038053422305136e-20	8.901835310563664e-16
1.1318504383240404e-20	8.896294363524426e-16
1.1741261827063216e-20	9.105298416005387e-16
1.2156325098532924e-20	9.219774269110805e-16
1.2586061198346009e-20	9.34553634554517e-16
1.2955756692641887e-20	9.700650575895228e-16
1.333631140304587e-20	1.0234580659179724e-15
1.3609331370058046e-20	1.0401318762921503e-15
1.3861162451700935e-20	1.0399338539446394e-15
1.402260921416069e-20	1.0309117906545858e-15
1.4406669033580233e-20	1.0338450570508598e-15
1.503155455771499e-20	1.0830384716166113e-15
1.559299813421012e-20	1.1101571603707177e-15
1.5989179520845246e-20	1.112335396635838e-15
1.6490632722363893e-20	1.124758562982791e-15
1.7172733934883462e-20	1.176518928385806e-15
1.788304886557584e-20	1.2545856667695674e-15
1.8355119366093447e-20	1.2625230249969306e-15
1.844389766303079e-20	1.248314884259541e-15
1.8851775609472735e-20	1.2486751458007943e-15
1.9543331217268638e-20	1.3128283286473978e-15
1.984742469097186e-20	1.3673740125902883e-15
2.0001241233900874e-20	1.4097924087972446e-15
2.0273294158435047e-20	1.4683868719200188e-15
2.0708301577352407e-20	1.5257097086206421e-15
2.1111857405828233e-20	1.5940798029313938e-15
2.156485801475195e-20	1.6602355330493633e-15
2.2070133414448466e-20	1.7369043242004138e-15
2.2806271774700875e-20	1.8310961703863742e-15
2.379548788414821e-20	1.9392511017755822e-15
2.4684273123946748e-20	1.983604335082426e-15
2.5213927646570625e-20	1.9751878141067697e-15
2.544859700437941e-20	1.94112790776528e-15
2.59045021574127e-20	1.942290745636519e-15
2.630757520355955e-20	1.9305109933936667e-15
2.6665405634573015e-20	1.9092234469088948e-15
2.702810320428578e-20	1.893403017674524e-15
2.7316537406972684e-20	1.8633835858270363e-15
2.7581420506366047e-20	1.8479124049083455e-15
2.79835689031883e-20	1.84284932254975e-15
2.830950524635077e-20	1.8229336610752087e-15
2.852890248789844e-20	1.7931130690915433e-15
2.8750000047031255e-20	1.762154076532657e-15
2.9423626915109925e-20	1.763733652554121e-15
3.06998690835069e-20	1.820740750176962e-15
3.154069592224591e-20	1.8452132752222896e-15
3.2418452906663864e-20	1.8573216644386474e-15
3.2908765408468403e-20	1.8496965179679254e-15
3.367983422718763e-20	1.8437474420294225e-15
3.4870444093724483e-20	1.8553019964424144e-15
3.5756420015399476e-20	1.8759143765047306e-15
3.610314299920168e-20	1.8320041215897384e-15
3.6949057681169126e-20	1.8318404562743394e-15
3.7961041129044274e-20	1.875867049663471e-15
3.84031892685846e-20	1.8510357330730713e-15
3.890050756602932e-20	1.8339528812846407e-15
3.948885782571261e-20	1.8166409349357726e-15
4.100775238281871e-20	1.8712503642616713e-15
4.221228977130062e-20	1.9335383928522226e-15
4.324769153833098e-20	1.9279344010508343e-15
4.322059049712487e-20	1.876356530587973e-15
4.270395398368803e-20	1.821524301070351e-15
4.395831459163293e-20	2.0443957174994342e-15
4.4162403742793344e-20	2.1674652369096297e-15
4.4043236866509436e-20	2.097581423586052e-15
4.429898931839205e-20	2.2484094652209464e-15
4.50751919156189e-20	2.3289720119933096e-15
4.5953600815994864e-20	2.4374189940450463e-15
4.65786525989651e-20	2.530346535122823e-15
4.7854377297040377e-20	2.6615604699161426e-15
4.9117620495243476e-20	2.6604910778597977e-15
4.9260023383631454e-20	2.6109875504613526e-15
4.9355187934071336e-20	2.5587531650857707e-15
4.9546068930155375e-20	2.4830326050127523e-15
5.036558364053049e-20	2.459801530965122e-15
5.109993445873357e-20	2.4371422883878756e-15
5.1562257783271125e-20	2.401172629622785e-15
5.1761674613355136e-20	2.349720871291013e-15
5.1961862687248676e-20	2.3064525607377196e-15
5.2162824987734047e-20	2.26050305086412e-15
5.2364564509129784e-20	2.215468954337227e-15
5.2702532371798367e-20	2.175086887341114e-15
5.425058528913178e-20	2.1966977833683682e-15
5.5457446083698e-20	2.225186425577928e-15
5.509472228643295e-20	2.294039896470588e-15
5.610338217713154e-20	2.271965147145151e-15
5.741052509149046e-20	2.263879263892599e-15
5.819717148809104e-20	2.2485150091394153e-15
5.986216760956197e-20	2.283383827630682e-15
6.009368430840062e-20	2.2317095213099325e-15
6.091106670837006e-20	2.2099018382700974e-15
6.197834451552469e-20	2.1739245284468236e-15
6.315567563404171e-20	2.1776542484895675e-15
6.396324834679274e-20	2.1758458416853512e-15
6.491673707033053e-20	2.2531367938075815e-15
6.604261324230445e-20	2.3575204950220747e-15
6.721159716785805e-20	2.4895336076301725e-15
6.695265802510011e-20	2.4334875361947003e-15
6.752364638861551e-20	2.667670584678766e-15
6.734144203981462e-20	2.582135384992844e-15
6.721159716785805e-20	2.5487868082191003e-15
6.773248366482507e-20	2.8566460157905336e-15
6.760188480322718e-20	2.7752392699735635e-15
6.74715377567367e-20	2.72427711749227e-15
6.825740700594024e-20	2.95547000197392e-15
6.878639847654273e-20	3.078940153602868e-15
6.942660258051016e-20	3.207934949813224e-15
7.046606576421953e-20	3.3459361279852997e-15
7.121805429044207e-20	3.4517653544982625e-15
7.27461918360768e-20	3.398890989179524e-15
7.302753744816403e-20	3.2975479035588885e-15
7.345159737395753e-20	3.235360330113318e-15
7.402084355861821e-20	3.174127810339919e-15
7.430711888125128e-20	3.0987204270457486e-15
7.459450137257388e-20	3.0246394467426335e-15
7.473860914396336e-20	2.961169115412524e-15
7.502766042218732e-20	2.886158190116836e-15
7.531782960509821e-20	2.8273553668905106e-15
7.531782960509821e-20	2.7705564954485365e-15
7.531782960509821e-20	2.7148986591360248e-15
7.526939025906824e-20	2.644787124001411e-15
7.590153899566913e-20	2.6210669363356003e-15
7.593817067176007e-20	2.5537017033596945e-15
7.783001847782005e-20	2.567701542806354e-15
8.002342957895122e-20	2.6517799918663126e-15
8.12755624352412e-20	2.7844397772013073e-15
8.423899584848011e-20	2.9397313823487934e-15
8.629599387144932e-20	2.903360569624498e-15
8.754296008071826e-20	2.8874322765001086e-15
8.840322089850269e-20	2.8509120533673558e-15
8.977877157769421e-20	3.081748785995115e-15
9.047455254109407e-20	3.21840144679038e-15
9.14577142492557e-20	3.337677135194943e-15
9.188233306009071e-20	3.4715136321681637e-15
9.223768762343395e-20	3.565142918296957e-15
9.295252506249235e-20	3.8774544123258506e-15
9.277329800187129e-20	3.787572651789036e-15
9.283300192492401e-20	3.694510187571989e-15
9.259441651915935e-20	3.629911200718341e-15
9.352838172468343e-20	4.5005939765426705e-15
9.313209836863829e-20	4.294550254417735e-15
9.313209836863829e-20	4.208276837691192e-15
9.313209836863829e-20	4.1237365715841006e-15
9.313209836863829e-20	4.04089463875429e-15
9.313209836863829e-20	3.9597169213067695e-15
9.606717181747817e-20	4.737456990297607e-15
9.81897075337027e-20	4.673133899473782e-15
9.830347815273012e-20	4.5371986450910305e-15
9.830347815273012e-20	4.4460506537323696e-15
9.830347815273012e-20	4.356733738546154e-15
9.830347815273012e-20	4.271180604420158e-15
9.830347815273012e-20	4.183446737365745e-15
9.830347815273012e-20	4.099405284281166e-15
9.839838769427986e-20	3.998368850042964e-15
9.877894307340713e-20	3.914557950062702e-15
9.92567076776258e-20	3.854175140523886e-15
9.944845992042766e-20	3.774748014515352e-15
9.938450138116161e-20	3.679528207220946e-15
1.00606777770154e-19	3.633716585127066e-15
1.0177858703284006e-19	3.558706426301271e-15
1.0436454140757735e-19	3.583278783088966e-15
1.077598966819375e-19	3.6450740262124516e-15
1.1007461790770668e-19	3.584891994759156e-15
1.1313307038895535e-19	3.618816792891787e-15
1.1274072428729828e-19	3.4884775863237124e-15
1.1280291047668398e-19	3.404768642380766e-15
1.1295852605851348e-19	3.3492378397155265e-15
1.1502654146578437e-19	3.951319280020759e-15
1.1471615633104254e-19	3.833809373607444e-15
1.144949655727373e-19	3.759938632964763e-15
1.1575404327424335e-19	4.341283648530032e-15
1.1515982061647978e-19	4.240048281992153e-15
1.1515982061647978e-19	4.154869757885553e-15
1.1515982061647978e-19	4.071402389050403e-15
1.1627650278435577e-19	4.492902173920402e-15
1.168163499776255e-19	4.718397768826421e-15
1.1627650278435577e-19	4.592065043131101e-15
1.1799463275553848e-19	5.316003022739623e-15
1.1695170294672277e-19	5.11670248616925e-15
1.1695170294672277e-19	5.013912815609247e-15
1.1695170294672277e-19	4.913188091448287e-15
1.1672620170359161e-19	4.818519627822882e-15
1.1916807223426508e-19	5.655485807675825e-15
1.1946115494003273e-19	5.508647848887238e-15
1.1969193978997812e-19	5.774481892928316e-15
1.219459747644448e-19	5.473115173210318e-15
1.2249638175182463e-19	5.4039628272000524e-15
1.2249638175182463e-19	5.2954023704942225e-15
1.2249638175182463e-19	5.189022789774586e-15
1.2249638175182463e-19	5.084780273323605e-15
1.2249638175182463e-19	4.982631889559302e-15
1.2249638175182463e-19	4.882535569354255e-15
1.2249638175182463e-19	4.7844500887096285e-15
1.2249638175182463e-19	4.688335051777428e-15
1.2273303030168703e-19	4.574806467067276e-15
1.2249638175182463e-19	4.5039355823273365e-15
1.230492730184301e-19	4.406873852277803e-15
1.2330285378573837e-19	4.300185293655557e-15
1.2448247941948588e-19	4.244762132810501e-15
1.2432241344491957e-19	4.115434924685962e-15
1.2520533045390133e-19	4.034019023828438e-15
1.2633811751592813e-19	3.9875174905128434e-15
1.28056543585011e-19	3.967873378545079e-15
1.2954807176279738e-19	3.924751232291219e-15
1.3220017017368842e-19	3.861438284718216e-15
1.3601769454289693e-19	3.879061967920036e-15
1.3735872171237063e-19	3.832449445348209e-15
1.3651550980048532e-19	3.7057773009833046e-15
1.3674153450139497e-19	3.636768925826433e-15
1.372703818506656e-19	3.5717769036062354e-15
1.372703818506656e-19	3.527031525700841e-15
1.3994545698736933e-19	4.124599850038229e-15
1.3940630365383558e-19	4.008567039747211e-15
1.4196634640420165e-19	4.5515985460247e-15
1.4021581509086787e-19	4.372776594187328e-15
1.4021581509086787e-19	4.284931684938841e-15
1.3994545698736933e-19	4.229591297252002e-15
1.4329357210398943e-19	5.017801109510696e-15
1.4322444897825712e-19	4.871185291541836e-15
1.4322444897825712e-19	4.773327827147959e-15
1.4396348462691438e-19	4.704463867548638e-15
1.4336272858999297e-19	5.173450834931061e-15
1.4294828975630823e-19	5.2389679725529586e-15
1.4639178894060276e-19	4.633260761300279e-15
1.4620355084898924e-19	4.495474570291366e-15
1.4714716800800125e-19	4.434959739740263e-15
1.4800162948002457e-19	4.363044736871011e-15
1.4800162948002457e-19	4.275395331349823e-15
1.4828755115781457e-19	4.180855111884877e-15
1.4943677221967252e-19	4.129733501565754e-15
1.5234894153460155e-19	4.116131189380984e-15
1.5367786718089392e-19	4.061274872736699e-15
1.5548925167120054e-19	3.9998890165009425e-15
1.5957180298785824e-19	4.222874011163024e-15
1.5911050629959276e-19	3.978904194802642e-15
1.5972586555970686e-19	4.121074715211419e-15
1.6080847643374396e-19	4.3642626141886904e-15
1.6261172210652808e-19	4.596476823312057e-15
1.6080847643374396e-19	4.431876855024553e-15
1.6331065007323334e-19	4.702428051639661e-15
1.6457629939594746e-19	4.943138561325052e-15
1.6394225337294626e-19	4.819613849802979e-15
1.6818877249201843e-19	5.195184509589311e-15
1.6758931961405925e-19	5.3041569079798885e-15
1.6908381599727405e-19	5.494854242311248e-15
1.7204648623299475e-19	5.159174698030093e-15
1.7519626869485468e-19	5.1248706682019184e-15
1.7672759021888326e-19	5.084281739854982e-15
1.8291888245568035e-19	5.16360613495177e-15
1.8133709583574792e-19	4.9689153715074686e-15
1.8324278594722655e-19	4.907044551897587e-15
1.8265429640846268e-19	4.778309298438197e-15
1.8265429640846268e-19	4.672394145060789e-15
1.8241943011965124e-19	4.5688131802987736e-15
1.8307781801774012e-19	4.500274641231844e-15
1.858547472866507e-19	5.443679754807132e-15
1.872228295824119e-19	5.772335268375771e-15
1.8657353979406476e-19	5.57676505348709e-15
1.9156025239039668e-19	6.092731006193957e-15
1.9097340143503586e-19	7.55261888069083e-15
1.9173638797808497e-19	7.269078802670213e-15
1.9131393436532214e-19	7.0569597819562175e-15
1.9131393436532214e-19	6.915192193728587e-15
1.9131393436532214e-19	6.7762725810730105e-15
1.9131393436532214e-19	6.640143730877773e-15
1.9131393436532214e-19	6.506749579388034e-15
1.9205384025738746e-19	6.40305660636853e-15
1.9267261396319814e-19	6.29231859998359e-15
1.9205384025738746e-19	6.16314163752548e-15
1.9242486560640104e-19	7.769478444348972e-15
1.9655375770794108e-19	6.1438861757297575e-15
1.9826827785400914e-19	5.98841447073219e-15
2.005206703963047e-19	5.902183020843222e-15
2.011591104730645e-19	5.7337752370986555e-15
2.0764590881980644e-19	5.7949594567550206e-15
2.0587236895486596e-19	5.611884446313098e-15
2.1042513760564638e-19	6.1165260858523034e-15
2.0666857953570211e-19	5.527559483913395e-15
2.0680158035852277e-19	5.409180217714812e-15
2.0587236895486596e-19	5.279944344159136e-15
2.0587236895486596e-19	5.185023277652251e-15
2.156327754469387e-19	6.433478481755893e-15
2.1480202943914338e-19	7.954098891774434e-15
2.1480202943914338e-19	7.592114143345682e-15
2.1521700160442139e-19	7.234336525369516e-15
2.1517085402535512e-19	6.8599602116424205e-15
2.1480202943914338e-19	6.654482506499026e-15
2.1424997760100224e-19	6.537323938294625e-15
2.154247882192986e-19	8.4501405660458e-15
2.1521700160442139e-19	8.214291887523815e-15
2.123289453152762e-19	7.67479624533281e-15
2.1646673436166614e-19	7.095521400373102e-15
2.1521700160442139e-19	7.40704097466355e-15
2.1584096348102812e-19	8.690859312056381e-15
2.202596435004529e-19	6.511183376010112e-15
2.202596435004529e-19	6.3803799149949345e-15
2.238831973427247e-19	6.318872457516277e-15
2.2255159545156225e-19	5.8745627637064764e-15
2.2509437389125625e-19	6.229398669219585e-15
2.246386777179403e-19	6.096957671209867e-15
2.245519831006172e-19	5.718518393984432e-15
2.333892350397863e-19	6.605369140551787e-15
2.3070215050261753e-19	6.317429991900262e-15
2.3025732053930323e-19	5.960062506769047e-15
2.3025732053930323e-19	5.845720350123039e-15
2.357350724747145e-19	7.0179195979977104e-15
2.3422727767065645e-19	6.794830159062501e-15
2.3947311920513895e-19	7.8279509254341e-15
2.3849937514532835e-19	7.583336249258333e-15
2.4039928055600405e-19	7.487887446772904e-15
2.4104086255598157e-19	7.353491367304888e-15
2.402446719593774e-19	8.11085030966484e-15
2.452102643312523e-19	7.262665057647814e-15
2.512033416666428e-19	7.309397168786955e-15
2.5147283447581675e-19	7.096629129078929e-15
2.512706877814589e-19	6.920223474793321e-15
2.5163466891614372e-19	6.791547823724047e-15
2.509879553730831e-19	6.627810761280016e-15
2.5555009457844133e-19	7.737788632042406e-15
2.5653843356861293e-19	8.18517159141465e-15
2.5604378719559725e-19	7.955584575071553e-15
2.5874844912889954e-19	8.651795457665153e-15
2.5703403554003265e-19	8.401986089512138e-15
2.6356466548920547e-19	9.592256590161181e-15
2.6343752500939423e-19	9.372919099961901e-15
2.642437850843698e-19	9.181275837521652e-15
2.6356466548920547e-19	9.041914188779564e-15
2.6509514585859346e-19	9.966715408629411e-15
2.747609271757116e-19	9.210871295851155e-15
2.7552797552883267e-19	8.933088239193643e-15
2.7446647750177244e-19	8.654797274976762e-15
2.735850204233053e-19	8.464097610284768e-15
2.745724430154431e-19	8.248073660351596e-15
2.8035575001093244e-19	9.709695078307062e-15
2.855041736225437e-19	1.0696374886930538e-14
2.8384021296776353e-19	1.0322278969754934e-14
2.843519694338609e-19	1.0146245659008229e-14
2.8581922061671907e-19	1.0002942776497175e-14
2.871803252500983e-19	1.2707755924150046e-14
2.8714621876628216e-19	1.2335440659597992e-14
2.8692462533332446e-19	1.2081648185814702e-14
2.8692462533332446e-19	1.1838939402140337e-14
2.8692462533332446e-19	1.160110640633584e-14
2.8692462533332446e-19	1.1368051248475434e-14
2.8692462533332446e-19	1.1139677946353886e-14
2.863713896123613e-19	1.0944200312767332e-14
2.88590753475925e-19	1.3156888609859596e-14
2.9821655500862876e-19	1.0189486098972691e-14
2.9535257904470526e-19	9.81619199447949e-15
2.947830929059108e-19	9.563828872013433e-15
3.0135746735916003e-19	1.1048935196899775e-14
3.0029579824635236e-19	1.0713176660413906e-14
2.9975534721026347e-19	1.0474555732909386e-14
2.964948539877029e-19	9.407093802221434e-15
2.949456910917844e-19	9.151038509053081e-15
2.959231653634965e-19	8.99889711265179e-15
2.9563773454885893e-19	8.781891256636477e-15
2.963041685032205e-19	8.622881367726575e-15
3.097688675862669e-19	1.1820545116226414e-14
3.1295843121679276e-19	1.1529847171053203e-14
3.1195335610899483e-19	1.1179137589157705e-14
3.121541125720104e-19	1.0914524152786185e-14
3.108242320158342e-19	1.3501016076605015e-14
3.105516713858754e-19	1.3118807595317144e-14
3.105516713858754e-19	1.285526326876936e-14
3.105516713858754e-19	1.259701329626643e-14
3.105516713858754e-19	1.2343951319287437e-14
3.105516713858754e-19	1.2185565292778185e-14
3.1175272875899015e-19	1.3854926421399957e-14
3.218642492767116e-19	1.094687679467274e-14
3.2108697785081014e-19	1.0626582442573065e-14
3.180325893382455e-19	1.0327421932639338e-14
3.1844205851556887e-19	1.0219027681749961e-14
3.2653292181329815e-19	1.1467769726144734e-14
3.264429035798936e-19	1.1743690892432448e-14
3.266589890441862e-19	1.2013891508169938e-14
3.3071894196755576e-19	1.123973501914481e-14
3.3566124962804685e-19	1.325527254865176e-14
3.374242655636131e-19	1.2947125709749304e-14
3.3705233641063924e-19	1.2664281391211954e-14
3.3612430612577144e-19	1.3680517734132804e-14
3.4003928664758026e-19	1.2533324822752751e-14
3.4179388341209457e-19	1.2346812872802411e-14
3.5002739890733313e-19	1.2374996596169389e-14
3.512455202765428e-19	1.2099200711520169e-14
3.490828925352494e-19	1.1774448618824812e-14
3.505805658640109e-19	1.1491612856721319e-14
3.5121162639832025e-19	1.1131144538328872e-14
3.5036534157817705e-19	1.0787554043744386e-14
3.594753783413595e-19	1.4295185098490103e-14
3.600771696800615e-19	1.3930436739422283e-14
3.600308422927077e-19	1.3685812431268453e-14
3.5961416393537676e-19	1.3391032539930128e-14
3.603088960506298e-19	1.3174685095592855e-14
3.5961416393537676e-19	1.5336875839865886e-14
3.5961416393537676e-19	1.492745320829958e-14
3.5892077137270553e-19	1.463982752925637e-14
3.71967695203063e-19	1.3389369825494326e-14
3.7160891611886933e-19	1.3011362709180931e-14
3.701772570267534e-19	1.2673003514403406e-14
3.7325187910758243e-19	1.2537096536983943e-14
3.723268206794599e-19	1.2166960804992308e-14
3.7284045862183134e-19	1.1933218443065169e-14
3.6989158776201486e-19	1.1590919980334339e-14
3.6970126407027883e-19	1.1364099410568493e-14
3.7113108226149973e-19	1.117028332803136e-14
3.7333421766782355e-19	1.0888646709014748e-14
3.832633278075835e-19	1.5218521948474103e-14
3.8415200277752256e-19	1.4860914674446235e-14
3.8400374731584958e-19	1.4548698666741447e-14
3.8400374731584958e-19	1.4256429192979087e-14
3.8400374731584958e-19	1.398614848494034e-14
3.847455972272056e-19	1.3711616143686085e-14
3.847455972272056e-19	1.3436162859062946e-14
3.8586106014636343e-19	1.3171974366755739e-14
3.832633278075835e-19	1.577274140596655e-14
3.9315287617139556e-19	1.3165844568790502e-14
3.965057784160273e-19	1.2983805477751612e-14
3.945210774074288e-19	1.2645866791219482e-14
3.945210774074288e-19	1.2392394940030834e-14
3.944518623079919e-19	1.2130322126756945e-14
3.939124011197213e-19	1.1874560615384575e-14
3.9457965351620144e-19	1.1549847560074697e-14
3.9630176068207648e-19	1.1322138972708217e-14
4.0993442816486206e-19	1.3917437554261168e-14
4.0802998468388824e-19	1.517794962480927e-14
4.0768013238702345e-19	1.472912320657927e-14
4.086254227477434e-19	1.4432041231502412e-14
4.0689406109146515e-19	1.4152950291284015e-14
4.169395603728177e-19	1.376793139367849e-14
4.2024946470085214e-19	1.3488606317998637e-14
4.2670866262577733e-19	1.325834495582488e-14
4.2419196938281743e-19	1.2702697510407645e-14
4.2372439969097164e-19	1.2342374828314224e-14
4.2372439969097164e-19	1.2114526363400778e-14
4.2290739252931625e-19	1.186139000643008e-14
4.2290739252931625e-19	1.1623105999407922e-14
4.2290739252931625e-19	1.1389608890714838e-14
4.2241794457952373e-19	1.1129391259017055e-14
4.2405164432620085e-19	1.0873513865775862e-14
4.2263540702956456e-19	1.0540115476824554e-14
4.2372439969097164e-19	1.0425271464856384e-14
4.303175348715801e-19	1.456438699698512e-14
4.3269700574819853e-19	1.4237597219577573e-14
4.37857517009748e-19	1.3819776182819661e-14
4.40400089752299e-19	1.3554537666838346e-14
4.486674496016807e-19	1.351586430307276e-14
4.521539329888073e-19	1.3204151010428753e-14
4.49415927366054e-19	1.2758906291588425e-14
4.522874191548319e-19	1.2448940833637158e-14
4.499738754657689e-19	1.2048492838189222e-14
4.554659996956454e-19	1.1969465471304754e-14
4.531611850598596e-19	1.1658590695078555e-14
4.52462037451149e-19	1.1402546912033563e-14
4.586163365313796e-19	1.3848046445306417e-14
4.666521675294142e-19	1.159263374396586e-14
4.74462371735122e-19	1.273218488708202e-14
4.732277574279531e-19	1.2338500143819186e-14
4.723912708937889e-19	1.2055814801734202e-14
4.763586412158943e-19	1.1971592984766475e-14
4.75516620471009e-19	1.3182299484372351e-14
4.74828801579336e-19	1.347208981718402e-14
4.985760881660755e-19	1.3443428699629968e-14
4.96764836915106e-19	1.2999962596751815e-14
4.963814788264721e-19	1.272271442110097e-14
4.933252452394102e-19	1.2407141137357148e-14
4.933796554819169e-19	1.2152094852630505e-14
4.90876969421192e-19	1.1848211586681645e-14
4.93039689894907e-19	1.1650891509057e-14
4.921840152202675e-19	1.1346147962696523e-14
4.916143906134966e-19	1.1091014822038814e-14
4.918041921947435e-19	1.084835970924945e-14
4.897203988883036e-19	1.0574649670064114e-14
5.01840084349472e-19	1.4196500950462802e-14
5.041051553328047e-19	1.3920917868990226e-14
5.021630417351215e-19	1.4591223684952994e-14
5.176263810372459e-19	1.4038254621777889e-14
5.153479169929148e-19	1.3605746067151659e-14
5.136456530649717e-19	1.3295387054045424e-14
5.142597098907575e-19	1.303785590006651e-14
5.187693878728748e-19	1.2758703672162947e-14
5.179118964298937e-19	1.2383429104203855e-14
5.183118825759633e-19	1.213283257609542e-14
5.1711284991874135e-19	1.184191355388018e-14
5.1711284991874135e-19	1.1604020810205185e-14
5.1591659103414885e-19	1.1318209787640968e-14
5.189124410785914e-19	1.1174035620908667e-14
5.185787116094278e-19	1.0857056374639211e-14
5.219256875736324e-19	1.1120329157070434e-14
5.284125555065995e-19	1.4757766621607932e-14
5.310708188844699e-19	1.4431846663709956e-14
5.456161121094839e-19	1.445505968489345e-14
5.4363064073354005e-19	1.4094623774039404e-14
5.408979099525063e-19	1.370582843777946e-14
5.426755274130622e-19	1.3489345891806942e-14
5.455203887739846e-19	1.3211986538373008e-14
5.417685622966326e-19	1.2773883164944662e-14
5.450898415447323e-19	1.264250233711184e-14
5.403761902997578e-19	1.2247457647654076e-14
5.403761902997578e-19	1.2044855908147732e-14
5.609927040808449e-19	1.5905035467541453e-14
5.613330926742821e-19	1.5507062228312692e-14
5.619525102517357e-19	1.5220328668388688e-14
5.678189860623348e-19	1.491959953692215e-14
5.647483587132007e-19	1.440778000774219e-14
5.677857779116353e-19	1.4106296507455342e-14
5.670888552053261e-19	1.3714405490596306e-14
5.659954188671407e-19	1.3394952612392112e-14
5.814972484512439e-19	1.3621318871404368e-14
5.681844039334452e-19	1.7140665933988883e-14
5.681844039334452e-19	1.6796326311097727e-14
5.792569743709543e-19	1.664092265609285e-14
5.919717470527245e-19	1.6630004001298074e-14
5.860038228744827e-19	1.5950378065480424e-14
5.870100173599562e-19	1.5683287589165965e-14
5.905453230227975e-19	1.5310973160551967e-14
5.908303325927774e-19	1.4875853604949305e-14
5.934397936111212e-19	1.4509632954591184e-14
6.029839525527075e-19	1.4351184470602223e-14
6.039156877119546e-19	1.4121037956009172e-14
5.951220195688017e-19	1.7975399294259934e-14
5.951220195688017e-19	1.7614290674668304e-14
5.951220195688017e-19	1.7260436382672368e-14
6.164574446751322e-19	1.7413983428707813e-14
6.11421586352519e-19	1.6846731463287304e-14
6.108318435344282e-19	1.6503928498310315e-14
6.084785551050669e-19	1.6110074672207887e-14
6.119664696944853e-19	1.5700482178476322e-14
6.122087959101389e-19	1.527258645208325e-14
6.1378625694370625e-19	1.4973918363506477e-14
6.233367472316879e-19	1.4849277781536596e-14
6.327101210722198e-19	1.8453591049356203e-14
6.360976503797499e-19	1.9376197964050982e-14
6.322218527314501e-19	1.8850961683576967e-14
6.340548042674412e-19	1.782455219718015e-14
6.330358427771329e-19	1.7312472847398052e-14
6.333850163970098e-19	1.6945544281472324e-14
6.354841064204114e-19	1.6687510580101605e-14
6.385577555519431e-19	1.6309052409484338e-14
6.379418387137441e-19	1.5924330601782358e-14
6.391742670423949e-19	1.563216844229941e-14
6.527409059743286e-19	2.274408144543313e-14
6.519205555245628e-19	2.2092280385429897e-14
6.547820053635395e-19	2.177707108266517e-14
6.547820053635395e-19	2.133959050442175e-14
6.547820053635395e-19	2.091089849354869e-14
6.564993308777792e-19	2.0570973701779527e-14
6.544661462623989e-19	2.349309714979186e-14
6.592200725272155e-19	2.0223389430642702e-14
6.604936078918748e-19	1.9888671932449623e-14
6.630480643342233e-19	1.9456518802260293e-14
6.768396183805807e-19	2.6920947592832602e-14
6.785836118205688e-19	2.6243073552259497e-14
6.785836118205688e-19	2.5715875245887336e-14
6.785836118205688e-19	2.519926785043447e-14
6.796758889424552e-19	2.4732267069178865e-14
6.785836118205688e-19	2.3701276432432448e-14
6.906640896057604e-19	2.4712565537323494e-14
7.091686600479926e-19	2.7417922218571868e-14
7.082903494800153e-19	2.6640060305146256e-14
7.096586828274082e-19	2.6109518106528244e-14
7.145195050892261e-19	2.9622029997022856e-14
7.135040957067258e-19	2.871727481752705e-14
7.139632687074207e-19	2.832228009428739e-14
7.113041726587378e-19	2.5502787564917016e-14
7.147292138005657e-19	3.134560257063354e-14
7.165708362859904e-19	3.064824279561057e-14
7.402640799680347e-19	3.3175458171872976e-14
7.397341552430275e-19	2.87988562260172e-14
7.399954799024975e-19	2.8044731697894874e-14
7.399954799024975e-19	2.7510460491161076e-14
7.452978104734393e-19	3.1339155869303516e-14
7.444521503735435e-19	3.040554647915061e-14
7.444521503735435e-19	2.97975043247974e-14
7.4015418634102615e-19	3.4840744317262e-14
7.430167297586143e-19	3.426232997769559e-14
7.514637368810791e-19	3.2653304645105965e-14
7.583740659916054e-19	2.7521816520874632e-14
7.68986094097863e-19	2.711188465798028e-14
7.677996844790666e-19	2.6297232354384956e-14
7.677996844790666e-19	2.5768946049356686e-14
7.677996844790666e-19	2.5288568288043646e-14
7.717092555320577e-19	3.0207256697835116e-14
7.704987217414437e-19	2.929232109692981e-14
7.733768455087212e-19	2.884493116717146e-14
7.633669275498079e-19	3.392036622955912e-14
7.689118898175986e-19	3.2459110306764e-14
7.677996844790666e-19	3.155515276963789e-14
7.69282982837094e-19	3.098478667274931e-14
7.722581817610766e-19	3.3569268204512425e-14
7.87611629850442e-19	2.865854606389722e-14
7.9035257687331455e-19	2.5475807288919196e-14
7.91879444757265e-19	2.7975743054875456e-14
7.939198580537301e-19	2.981211599211243e-14
8.011027961940558e-19	2.7656963571354826e-14
8.029603180378449e-19	2.7135262074154647e-14
8.042010581216056e-19	2.660057572551302e-14
8.083507214987716e-19	2.524287262434414e-14
8.248107732317344e-19	2.670172130267987e-14
8.324610877531489e-19	2.5376722227618132e-14
8.278231828681955e-19	2.4567737627325602e-14
8.230438907894945e-19	2.3900274683443945e-14
8.230438907894945e-19	2.3488652265740032e-14
8.167143953107102e-19	2.2801188080792656e-14
8.167143953107102e-19	2.2343133969275225e-14
8.167143953107102e-19	2.189428172778024e-14
8.167143953107102e-19	2.145444649951953e-14
8.159266386141582e-19	2.0998326151320574e-14
8.310247857865842e-19	2.7969920811318628e-14
8.39083069955341e-19	2.798527297686441e-14
8.42111487149646e-19	2.6554442169216527e-14
8.5708741388021125e-19	2.7810677748213593e-14
8.644445284736748e-19	2.654265141681879e-14
8.6236695375651475e-19	2.5746282923371132e-14
8.67628269795668e-19	2.540238859490228e-14
8.67628269795668e-19	2.4892078847136925e-14
8.69080750853995e-19	2.4425593906571664e-14
8.691180259140273e-19	2.396678277940261e-14
8.69703986857929e-19	2.34689382364062e-14
8.69703986857929e-19	2.3032043610346683e-14
8.653984222359659e-19	2.7339143663278957e-14
8.95081284187389e-19	2.3262151020991454e-14
8.954147279577204e-19	2.2572387152222095e-14
8.954147279577204e-19	2.214615054167369e-14
8.891004848616755e-19	2.1584695329268032e-14
8.91162047472368e-19	2.1213815968652365e-14
9.073020833180528e-19	2.671562963858434e-14
9.014423623120357e-19	2.595475898656098e-14
9.057274526527033e-19	2.5530018325001952e-14
9.057274526527033e-19	2.5017144617743915e-14
9.057274526527033e-19	2.4514574053877686e-14
9.09932553524105e-19	2.4137445772408168e-14
9.333696419080074e-19	2.4386206933438112e-14
9.303544940457398e-19	2.3650513662655682e-14
9.290984218990451e-19	2.3152293500523953e-14
9.264721479062072e-19	2.2616796730464762e-14
9.521531647588435e-19	2.846902857640982e-14
9.477732728508954e-19	2.7488447315548887e-14
9.457429841963686e-19	2.6931172920048394e-14
9.437170447592538e-19	2.635767591674039e-14
9.437170447592538e-19	2.582817535822005e-14
9.431390024516282e-19	2.5363530857468748e-14
9.391946751091354e-19	2.2258444709852636e-14
9.408880184972537e-19	2.150932056527555e-14
9.396781762902169e-19	2.0998400649896083e-14
9.685251049211728e-19	3.0875856060757945e-14
9.667820222690363e-19	2.995052733712528e-14
9.722708719721798e-19	2.9566342100182075e-14
9.623142011008038e-19	2.5431264477454152e-14
9.780964713118408e-19	2.897492786352883e-14
9.78420138121178e-19	2.8358114732985872e-14
9.697720877500543e-19	2.7680348326678792e-14
9.697720877500543e-19	2.7174363504478524e-14
9.82273110120823e-19	3.283578776706931e-14
9.716455729500328e-19	3.184938312473407e-14
9.978043699215868e-19	3.6317788906383577e-14
9.960123617809466e-19	3.525672114722414e-14
9.924943323814454e-19	3.451375232125095e-14
9.87526423690746e-19	3.379171478470649e-14
1.005023718669299e-18	3.8863790214765384e-14
1.0004006229157819e-18	3.763957598058899e-14
9.93133048547919e-19	3.6723728069001844e-14
1.0241410026616414e-18	4.177516813927752e-14
1.0224362957400243e-18	4.0572847842304164e-14
1.0399498234976025e-18	4.014394706030535e-14
1.037043564877965e-18	3.9050954708075894e-14
1.0320518346470912e-18	3.7998926926046593e-14
1.0462060850753478e-18	4.5555013786294184e-14
1.0476049249291122e-18	4.430357306508101e-14
1.0509801783515656e-18	4.36727793692545e-14
1.0369720847332648e-18	3.7393367782200886e-14
1.0395484765305566e-18	3.6276819020306746e-14
1.0600341143072809e-18	4.2748056191255594e-14
1.0604888529756203e-18	4.1675958691177447e-14
1.0737039086327316e-18	4.903390097077318e-14
1.0735312335054616e-18	4.78295186914657e-14
1.095156149190168e-18	4.2117588085093366e-14
1.0680202676271088e-18	3.993553522103111e-14
1.0920604813417222e-18	4.7391990729036946e-14
1.091990227045429e-18	4.601799005257985e-14
1.0979780069657502e-18	4.538089580076326e-14
1.1062025791630551e-18	5.147530891636276e-14
1.1002407274082536e-18	5.237052783982064e-14
1.1104808133066153e-18	5.0215346021985886e-14
1.1079118913792327e-18	4.9201540092017136e-14
1.1161666848111322e-18	4.514712827039848e-14
1.1170369982505944e-18	4.399282004109385e-14
1.132558545759329e-18	4.885116279350688e-14
1.1316845396962904e-18	4.7454893862256213e-14
1.1410054454919133e-18	4.3735499007313846e-14
1.1392328604822498e-18	4.2446875198947236e-14
1.138805407870443e-18	4.164999286448748e-14
1.138883907549015e-18	4.0787869687015555e-14
1.1366096122668832e-18	3.98534191958394e-14
1.1451419781388403e-18	3.8996040050881337e-14
1.1460939638090235e-18	3.780552877754754e-14
1.1443134736387612e-18	3.6934138012681286e-14
1.1440162079988834e-18	3.596608516921627e-14
1.1632409434699074e-18	4.774930708267459e-14
1.1595424597029569e-18	4.6337277630614467e-14
1.1582004739878238e-18	4.542503223620531e-14
1.1824814823354241e-18	3.661845336367208e-14
1.1807710624098319e-18	3.552239651708299e-14
1.1739540875991214e-18	3.4575914288536554e-14
1.1713675094813512e-18	3.379775763893015e-14
1.1716905198231731e-18	4.480306111107006e-14
1.1716905198231731e-18	4.390301036468891e-14
1.1716905198231731e-18	4.3021040778969e-14
1.1739540875991214e-18	4.212150654772565e-14
1.1822913133895766e-18	4.1408995248655087e-14
1.1830521727221749e-18	4.060948410171021e-14
1.1882007963898782e-18	3.995764410483197e-14
1.1876276223679182e-18	3.9161123084883396e-14
1.1922207675472511e-18	3.8565204299606436e-14
1.1948533931954168e-18	3.791658735069744e-14
1.2075045561881131e-18	3.4370735326658166e-14
1.2006877202467733e-18	3.3233671493821136e-14
1.19749183212749e-18	3.246794587491369e-14
1.2184741679450124e-18	3.2050567856559464e-14
1.2307418379648547e-18	3.797946738784807e-14
1.2296112365218591e-18	3.68709256250161e-14
1.2281881573575104e-18	3.605997299028803e-14
1.2324623434485346e-18	3.554367630384106e-14
1.24652121366382e-18	3.9564195625727063e-14
1.2463361651912278e-18	3.1627108026507497e-14
1.2296112365218591e-18	3.0458570603124295e-14
1.2305608719000976e-18	2.835199832260936e-14
1.247298717321925e-18	3.4942019836062035e-14
1.2463361651912278e-18	3.399281010624415e-14
1.251156365430057e-18	3.3483508293968315e-14
1.2319867002854078e-18	2.98400518911415e-14
1.2319867002854078e-18	2.92405937221987e-14
1.2296112365218591e-18	2.779174004028291e-14
1.2521916884047428e-18	4.260157523702226e-14
1.260041868899012e-18	4.1916774989911074e-14
1.2589074913730184e-18	4.101502215989795e-14
1.2584216422560346e-18	3.2925874054625484e-14
1.28294530425292e-18	3.918148954367729e-14
1.280471584301103e-18	3.796618132747421e-14
1.2758901803504894e-18	3.7076473271163245e-14
1.280471584301103e-18	3.6802420234374057e-14
1.2972622193744798e-18	4.4882449180615246e-14
1.2994713425011276e-18	4.137224233484926e-14
1.3029078832935293e-18	4.053271651187156e-14
1.3079468744306117e-18	4.289051899768709e-14
1.332149509164303e-18	4.46163101067101e-14
1.3308645927936865e-18	4.9815344698257935e-14
1.331150022617817e-18	4.772919398390661e-14
1.3355820210060665e-18	5.179740465706513e-14
1.343769725423056e-18	4.671289292304679e-14
1.3231810792876685e-18	4.525227553642174e-14
1.3231810792876685e-18	4.006453423676197e-14
1.3219048133592807e-18	3.904132694398752e-14
1.325737308942298e-18	3.854530795007774e-14
1.325737308942298e-18	3.7805826839839324e-14
1.3470155142766883e-18	4.325159532832225e-14
1.3282984769308782e-18	4.188545771832157e-14
1.3282984769308782e-18	4.1044018840106765e-14
1.3620474152637333e-18	6.046838204102089e-14
1.3576731603590177e-18	5.864281924172198e-14
1.3567999965894954e-18	5.737953913081488e-14
1.3567999965894954e-18	5.622683894156529e-14
1.3567999965894954e-18	5.510237800211487e-14
1.3541838731966565e-18	5.390401763536064e-14
1.3684465718321866e-18	5.027846284579477e-14
1.3908895468410934e-18	6.771573816581568e-14
1.38698342619167e-18	6.57720478719996e-14
1.3859130780596771e-18	6.436367014925275e-14
1.3864481488361023e-18	6.319959958470367e-14
1.3978523786358517e-18	5.403490092220136e-14
1.392616330722834e-18	5.259180061457408e-14
1.3894841209639223e-18	4.957956598176545e-14
1.3752549215995723e-18	4.7732489409686526e-14
1.4094194968204508e-18	7.317544724458278e-14
1.4080212281132146e-18	7.108324739980195e-14
1.4156508437241548e-18	7.021380780224416e-14
1.4163340665395458e-18	7.691160285042582e-14
1.4092899691829426e-18	7.495134766228641e-14
1.4161062889714189e-18	6.276072996057896e-14
1.4137005940404837e-18	6.095208263492391e-14
1.4137005940404837e-18	5.972761345561834e-14
1.4137005940404837e-18	5.852774269372955e-14
1.4137005940404837e-18	5.735197619052336e-14
1.4108775033197685e-18	5.611255167075118e-14
1.4216745334848933e-18	5.240234673765995e-14
1.4293781319802705e-18	8.216954282330137e-14
1.4395293366586686e-18	8.101590003224717e-14
1.4432385310551339e-18	7.961740252987064e-14
1.4473562884024442e-18	6.968302103120171e-14
1.4465849768670438e-18	6.762250545441302e-14
1.44602669753479e-18	6.620486376720424e-14
1.4538622525996335e-18	6.539207701254687e-14
1.4696609678798037e-18	5.728548427590811e-14
1.4293781319802705e-18	5.4405005999722607e-14
1.4293781319802705e-18	5.1333458589217814e-14
1.4678600778574363e-18	7.56258454853149e-14
1.4656952664710044e-18	7.34915216879131e-14
1.4733936353304897e-18	7.274147797648332e-14
1.4704175552334069e-18	7.886882356099643e-14
1.4600485344807434e-18	7.689059479815753e-14
1.4863483602722573e-18	6.551562079003443e-14
1.4816225678099473e-18	6.361929423559938e-14
1.4864508166425218e-18	6.243816839604563e-14
1.4863483602722573e-18	6.112031120317824e-14
1.4792732397294538e-18	5.956309406350737e-14
1.4827668328961777e-18	8.268305580855551e-14
1.4742063384262496e-18	8.085203898726863e-14
1.5104125964877984e-18	5.963366291107607e-14
1.4985903875860656e-18	7.19108095558882e-14
1.4971449317204807e-18	6.991594066200534e-14
1.4971449317204807e-18	6.851139612830106e-14
1.4971449317204807e-18	6.752545837682916e-14
1.5099129436220823e-18	7.570864311395263e-14
1.5029351338818145e-18	7.406317936136733e-14
1.5223980263182871e-18	5.881613004513805e-14
1.5116624521458172e-18	7.968220840809994e-14
1.5116624521458172e-18	7.808146887440585e-14
1.5184853881043673e-18	6.665966557023548e-14
1.5233777601056655e-18	6.494925709188505e-14
1.5233777601056655e-18	6.364448849186614e-14
1.5233777601056655e-18	6.236593144800396e-14
1.5263207461160768e-18	6.174157423171787e-14
1.532881086550353e-18	5.785031044834662e-14
1.5371604210432718e-18	5.6509483142864504e-14
1.5530647902932797e-18	5.553158579890215e-14
1.5590712622886905e-18	5.4533322087511215e-14
1.562083203931996e-18	5.358235758257986e-14
1.562083203931996e-18	5.251210375078192e-14
1.5381496551168065e-18	6.097012652417768e-14
1.5713561562086856e-18	5.1678508491334805e-14
1.5835340873721252e-18	5.071369222777078e-14
1.580887551633226e-18	4.9347127456081585e-14
1.580887551633226e-18	4.835430393953729e-14
1.5760132545099972e-18	4.729058847839689e-14
1.5920517201325346e-18	4.654849894808973e-14
1.5898921741384723e-18	4.5261083558433355e-14
1.5898921741384723e-18	4.4433730483008624e-14
1.5900675278621854e-18	4.358034507070619e-14
1.5900675278621854e-18	4.2704857522853304e-14
1.5843492970638108e-18	4.1683648074747807e-14
1.637044022052997e-18	6.181033112162434e-14
1.6333370375656186e-18	6.017452972502589e-14
1.6310968896027782e-18	5.891378488199702e-14
1.6310968896027782e-18	5.773026315959235e-14
1.6298381568191578e-18	5.656068491022387e-14
1.6249523120905304e-18	5.5379413362074974e-14
1.6235590485559377e-18	5.410933427062033e-14
1.6256493921566735e-18	5.305795760895361e-14
1.6069327733555647e-18	4.128860483154167e-14
1.6298381568191578e-18	5.202356439060606e-14
1.6298381568191578e-18	5.099727382446549e-14
1.626695572990065e-18	4.9894838382550014e-14
1.6277424270893776e-18	4.895405865827323e-14
1.6329868117492512e-18	4.762102032742609e-14
1.690199090586028e-18	6.68963993930973e-14
1.6894094998330088e-18	6.501325562973227e-14
1.696925529253145e-18	7.095394067268797e-14
1.693980500222236e-18	6.887850396634777e-14
1.6995944908847881e-18	6.398208026818938e-14
1.7128843264094187e-18	6.133798797679363e-14
1.7005319631740375e-18	5.96516793030914e-14
1.711507422597431e-18	6.284797597318662e-14
1.7266413546085969e-18	7.84836839795946e-14
1.7249934560062126e-18	7.614070768622538e-14
1.7249934560062126e-18	7.461799623192769e-14
1.7303285194113827e-18	7.370458992808581e-14
1.7341175029094766e-18	8.472305807664536e-14
1.7323334194331765e-18	8.250325495089611e-14
1.7336713098599519e-18	8.113248898715415e-14
1.7466255347322737e-18	8.785681577826747e-14
1.753864105458555e-18	9.240391870021849e-14
1.7557994523489546e-18	9.034588869358165e-14
1.7616183161018187e-18	9.564591824287825e-14
1.7353451260087675e-18	6.900912073733474e-14
1.7336713098599519e-18	6.738123255527513e-14
1.738138411532759e-18	7.192799017021423e-14
1.7336713098599519e-18	7.051837638782807e-14
1.7403762768626174e-18	6.563398879247137e-14
1.7403762768626174e-18	6.133156862263138e-14
1.7788638630991134e-18	1.080594715196903e-13
1.7811541627319583e-18	1.054150514683745e-13
1.7811541627319583e-18	1.0329736367202732e-13
1.7811541627319583e-18	1.012222182027986e-13
1.7811541627319583e-18	9.918876042593108e-14
1.812752069948273e-18	8.329113662295528e-14
1.811197783500894e-18	8.098984386195119e-14
1.767456464047606e-18	7.754149429647853e-14
1.784595142323875e-18	1.1433388073016275e-13
1.784595142323875e-18	1.1203702216434478e-13
1.821646197840788e-18	8.781297119897065e-14
1.8182025838368113e-18	8.554309020489878e-14
1.8286914073782523e-18	9.196359200538328e-14
1.8211292402586366e-18	8.953675705970261e-14
1.8370147812293474e-18	1.0062004366939564e-13
1.8370147812293474e-18	9.788278255988691e-14
1.8370147812293474e-18	9.585128197494926e-14
1.831115154809021e-18	9.382895194242382e-14
1.822887494844779e-18	1.0763196021278659e-13
1.822887494844779e-18	1.0546973683515134e-13
1.8494659404135954e-18	1.0443553234316347e-13
1.8722578509284017e-18	8.604086967445573e-14
1.8692027761762748e-18	8.366717272976124e-14
1.8728138552959595e-18	8.206272041306198e-14
1.8800569555482838e-18	8.068906455430892e-14
1.8800569555482838e-18	7.906809824138529e-14
1.8800569555482838e-18	7.754469557113618e-14
1.8822353431717106e-18	7.617388738247905e-14
1.882477541993564e-18	7.455765003209184e-14
1.885247742885669e-18	7.32273884461319e-14
1.886114266393831e-18	7.172311126711403e-14
1.886114266393831e-18	7.045535742660558e-14
1.8895709864129192e-18	9.054260605895572e-14
1.865598659784024e-18	8.789902427132641e-14
1.8827803343474344e-18	9.411767709322613e-14
1.865598659784024e-18	9.159629378461574e-14
1.883689003661269e-18	1.0104790193656978e-13
1.883689003661269e-18	9.901794600715721e-14
1.883689003661269e-18	9.702876995537062e-14
1.9425679874863782e-18	7.05025768706628e-14
1.924107629520588e-18	7.459904384271469e-14
1.940516881953782e-18	7.30199630194672e-14
1.924107629520588e-18	7.163190254508201e-14
1.9593781824472087e-18	6.885203414123493e-14
1.9639351253232084e-18	6.704677261879341e-14
1.9651406577465434e-18	6.538343687888668e-14
1.9634978166318142e-18	6.37162579589541e-14
1.961603937250481e-18	6.233986802295238e-14
1.966269083801174e-18	6.108564633080358e-14
1.9710916367495307e-18	5.986868032886998e-14
1.9707112491705506e-18	5.851010134620823e-14
1.961603937250481e-18	9.273550804037325e-14
2.011443676933627e-18	5.968089192930951e-14
1.9959749713136023e-18	7.141773118333179e-14
2.011443676933627e-18	6.593272493999968e-14
2.011443676933627e-18	6.458585444515945e-14
2.0153295486832136e-18	6.284532511847062e-14
2.0153295486832136e-18	6.111863498504423e-14