# mass (eV) / beta (GeV^-2)
1.00000e-22 3.39011e-29
1.01161e-22 3.48722e-29
1.02335e-22 3.51811e-29
1.03523e-22 3.62946e-29
1.04725e-22 3.67374e-29
1.05941e-22 3.73568e-29
1.07170e-22 3.85288e-29
1.08415e-22 3.85598e-29
1.09673e-22 3.98654e-29
1.10946e-22 3.99898e-29
1.12234e-22 4.07689e-29
1.13537e-22 4.17422e-29
1.14855e-22 4.15339e-29
1.16188e-22 4.32247e-29
1.17537e-22 4.22314e-29
1.18902e-22 4.44105e-29
1.20282e-22 4.31303e-29
1.21678e-22 4.37629e-29
1.23091e-22 4.35695e-29
1.24520e-22 3.79780e-29
1.25965e-22 5.66208e-29
1.27427e-22 5.23178e-29
1.28907e-22 4.76606e-29
1.30403e-22 4.89453e-29
1.31917e-22 4.78733e-29
1.33448e-22 4.87037e-29
1.34998e-22 4.81514e-29
1.36565e-22 4.85847e-29
1.38150e-22 4.84313e-29
1.39754e-22 4.84333e-29
1.41376e-22 4.84495e-29
1.43017e-22 4.81272e-29
1.44678e-22 4.83361e-29
1.46357e-22 4.77189e-29
1.48056e-22 4.78584e-29
1.49775e-22 4.72287e-29
1.51513e-22 4.71327e-29
1.53272e-22 4.66035e-29
1.55052e-22 4.61085e-29
1.56852e-22 4.57724e-29
1.58672e-22 4.50006e-29
1.60514e-22 4.45315e-29
1.62378e-22 4.38337e-29
1.64263e-22 4.30214e-29
1.66170e-22 4.23905e-29
1.68099e-22 4.14586e-29
1.70050e-22 4.05567e-29
1.72024e-22 3.97502e-29
1.74021e-22 3.86464e-29
1.76041e-22 3.76022e-29
1.78085e-22 3.66508e-29
1.80152e-22 3.54085e-29
1.82243e-22 3.41869e-29
1.84359e-22 3.31131e-29
1.86499e-22 3.17845e-29
1.88664e-22 3.03763e-29
1.90854e-22 2.91485e-29
1.93070e-22 2.78031e-29
1.95311e-22 2.62974e-29
1.97578e-22 2.48311e-29
1.99872e-22 2.34350e-29
2.02192e-22 2.20204e-29
2.04539e-22 2.04057e-29
2.06914e-22 1.88231e-29
2.09316e-22 1.74081e-29
2.11746e-22 1.59083e-29
2.14204e-22 1.44050e-29
2.16690e-22 1.28171e-29
2.19206e-22 1.12861e-29
2.21751e-22 9.92554e-30
2.24325e-22 8.51549e-30
2.26929e-22 7.24412e-30
2.29563e-22 5.89129e-30
2.32228e-22 4.66591e-30
2.34924e-22 3.54640e-30
2.37651e-22 2.51191e-30
2.40410e-22 1.74283e-30
2.43201e-22 9.66758e-31
2.46024e-22 6.31216e-31
2.48880e-22 4.03444e-31
2.51769e-22 5.40125e-31
2.54692e-22 5.49042e-31
2.57648e-22 7.33263e-31
2.60639e-22 1.53531e-30
2.63665e-22 2.84649e-30
2.66726e-22 4.43517e-30
2.69822e-22 6.71510e-30
2.72954e-22 9.39674e-30
2.76123e-22 1.29319e-29
2.79329e-22 1.70199e-29
2.82571e-22 2.21786e-29
2.85851e-22 2.80870e-29
2.89170e-22 3.52875e-29
2.92527e-22 4.34760e-29
2.95922e-22 5.30822e-29
2.99358e-22 6.40208e-29
3.02833e-22 7.65543e-29
3.06348e-22 9.11951e-29
3.09905e-22 1.07951e-28
3.13502e-22 1.27317e-28
3.17142e-22 1.48546e-28
3.20823e-22 1.71630e-28
3.24547e-22 1.97485e-28
3.28315e-22 2.26163e-28
3.32126e-22 2.56014e-28
3.35982e-22 2.85382e-28
3.39882e-22 3.15815e-28
3.43828e-22 3.46866e-28
3.47819e-22 3.70957e-28
3.51857e-22 3.91681e-28
3.55941e-22 4.13575e-28
3.60073e-22 4.20992e-28
3.64253e-22 4.26895e-28
3.68482e-22 4.33543e-28
3.72759e-22 4.15185e-28
3.77087e-22 3.68934e-28
3.81464e-22 4.23427e-28
3.85892e-22 4.02522e-28
3.90372e-22 3.89029e-28
3.94904e-22 3.70942e-28
3.99488e-22 3.54528e-28
4.04126e-22 3.34748e-28
4.08817e-22 3.16402e-28
4.13563e-22 2.95150e-28
4.18364e-22 2.74795e-28
4.23220e-22 2.53630e-28
4.28133e-22 2.31150e-28
4.33103e-22 2.10230e-28
4.38131e-22 1.87362e-28
4.43217e-22 1.65307e-28
4.48362e-22 1.44298e-28
4.53567e-22 1.22309e-28
4.58832e-22 1.01244e-28
4.64159e-22 8.19641e-29
4.69547e-22 6.34522e-29
4.74998e-22 4.60050e-29
4.80512e-22 3.07874e-29
4.86090e-22 1.83227e-29
4.91733e-22 8.74954e-30
4.97441e-22 2.35550e-30
5.03216e-22 1.88111e-30
5.09058e-22 3.20345e-30
5.14967e-22 1.24853e-29
5.20945e-22 2.91600e-29
5.26993e-22 5.46716e-29
5.33110e-22 9.07046e-29
5.39299e-22 1.39244e-28
5.45559e-22 2.02564e-28
5.51893e-22 2.83180e-28
5.58299e-22 3.83712e-28
5.64781e-22 5.06365e-28
5.71337e-22 6.51235e-28
5.77969e-22 8.13084e-28
5.84679e-22 9.80363e-28
5.91466e-22 1.14225e-27
5.98332e-22 1.29035e-27
6.05278e-22 1.39787e-27
6.12304e-22 1.44114e-27
6.19412e-22 1.46176e-27
6.26603e-22 1.50474e-27
6.33877e-22 1.39185e-27
6.41235e-22 1.31219e-27
6.48679e-22 1.22961e-27
6.56210e-22 1.12790e-27
6.63827e-22 1.02260e-27
6.71533e-22 9.05706e-28
6.79329e-22 7.90794e-28
6.87215e-22 6.69127e-28
6.95193e-22 5.48890e-28
7.03263e-22 4.35397e-28
7.11427e-22 3.23047e-28
7.19686e-22 2.23070e-28
7.28040e-22 1.37665e-28
7.36492e-22 6.69894e-29
7.45041e-22 1.90379e-29
7.53690e-22 1.19551e-29
7.62440e-22 1.75821e-29
7.71291e-22 8.03836e-29
7.80244e-22 1.97575e-28
7.89302e-22 3.88234e-28
7.98465e-22 6.64873e-28
8.07734e-22 1.04477e-27
8.17110e-22 1.52449e-27
8.26596e-22 2.08213e-27
8.36192e-22 2.63036e-27
8.45899e-22 3.09618e-27
8.55718e-22 3.39533e-27
8.65652e-22 3.56826e-27
8.75701e-22 3.62467e-27
8.85867e-22 3.41864e-27
8.96151e-22 3.22324e-27
9.06554e-22 2.95753e-27
9.17077e-22 2.61256e-27
9.27723e-22 2.23753e-27
9.38493e-22 1.81440e-27
9.49388e-22 1.39394e-27
9.60409e-22 9.68959e-28
9.71558e-22 5.96034e-28
9.82836e-22 2.90854e-28
9.94246e-22 8.02933e-29
1.00579e-21 9.48275e-29
1.01746e-21 1.05122e-28
1.02927e-21 4.31625e-28
1.04122e-21 1.06030e-27
1.05331e-21 2.04850e-27
1.06554e-21 3.35604e-27
1.07791e-21 4.75128e-27
1.09042e-21 5.89850e-27
1.10308e-21 6.61667e-27
1.11588e-21 6.93257e-27
1.12884e-21 6.89692e-27
1.14194e-21 6.78275e-27
1.15520e-21 6.37284e-27
1.16861e-21 5.73207e-27
1.18217e-21 4.85417e-27
1.19590e-21 3.75663e-27
1.20978e-21 2.53927e-27
1.22382e-21 1.39139e-27
1.23803e-21 5.12243e-28
1.25240e-21 7.85929e-29
1.26694e-21 1.78044e-28
1.28165e-21 1.16031e-27
1.29653e-21 3.18211e-27
1.31158e-21 6.08739e-27
1.32680e-21 8.77276e-27
1.34221e-21 1.04521e-26
1.35779e-21 1.12444e-26
1.37355e-21 1.15912e-26
1.38950e-21 1.15978e-26
1.40563e-21 1.13022e-26
1.42194e-21 1.05251e-26
1.43845e-21 9.03795e-27
1.45515e-21 6.64959e-27
1.47204e-21 3.75527e-27
1.48913e-21 1.18681e-27
1.50642e-21 1.02622e-28
1.52390e-21 9.81807e-28
1.54159e-21 4.89392e-27
1.55949e-21 1.06636e-26
1.57759e-21 1.45559e-26
1.59591e-21 1.62049e-26
1.61443e-21 1.69059e-26
1.63317e-21 1.71038e-26
1.65213e-21 1.73011e-26
1.67131e-21 1.69121e-26
1.69071e-21 1.55204e-26
1.71034e-21 1.18672e-26
1.73020e-21 5.76628e-27
1.75028e-21 7.01379e-28
1.77060e-21 1.06074e-27
1.79115e-21 9.00461e-27
1.81195e-21 1.82867e-26
1.83298e-21 2.16777e-26
1.85426e-21 2.28328e-26
1.87578e-21 2.34447e-26
1.89756e-21 2.38581e-26
1.91959e-21 2.40002e-26
1.94187e-21 2.33117e-26
1.96441e-21 1.95488e-26
1.98722e-21 8.36204e-27
2.01029e-21 8.55771e-28
2.03362e-21 9.59564e-27
2.05723e-21 2.51008e-26
2.08111e-21 2.87760e-26
2.10527e-21 2.98881e-26
2.12971e-21 3.06371e-26
2.15443e-21 3.12556e-26
2.17944e-21 3.16579e-26
2.20475e-21 3.09937e-26
2.23034e-21 2.32080e-26
2.25623e-21 1.91615e-27
2.28242e-21 1.51121e-26
2.30892e-21 3.45027e-26
2.33572e-21 3.69310e-26
2.36284e-21 3.79608e-26
2.39027e-21 3.88744e-26
2.41801e-21 3.96910e-26
2.44608e-21 4.02685e-26
2.47448e-21 3.82853e-26
2.50320e-21 8.42520e-27
2.53226e-21 2.42869e-26
2.56166e-21 4.41306e-26
2.59140e-21 4.58479e-26
2.62148e-21 4.69763e-26
2.65191e-21 4.80744e-26
2.68270e-21 4.91426e-26
2.71384e-21 4.98049e-26
2.74534e-21 3.79038e-26
2.77721e-21 2.18508e-26
2.80945e-21 5.36364e-26
2.84207e-21 5.53694e-26
2.87506e-21 5.67224e-26
2.90843e-21 5.80359e-26
2.94220e-21 5.93921e-26
2.97635e-21 6.01913e-26
3.01090e-21 1.19021e-26
3.04586e-21 6.25636e-26
3.08121e-21 6.52832e-26
3.11698e-21 6.68512e-26
3.15317e-21 6.84462e-26
3.18977e-21 7.00607e-26
3.22680e-21 7.14972e-26
3.26426e-21 1.57821e-26
3.30215e-21 7.49590e-26
3.34048e-21 7.70214e-26
3.37926e-21 7.88530e-26
3.41849e-21 8.07371e-26
3.45818e-21 8.26435e-26
3.49832e-21 8.34086e-26
3.53893e-21 8.55461e-26
3.58001e-21 8.87184e-26
3.62157e-21 9.08492e-26
3.66361e-21 9.30094e-26
3.70614e-21 9.52143e-26
3.74917e-21 9.70464e-26
3.79269e-21 9.95491e-26
3.83672e-21 1.02224e-25
3.88126e-21 1.04664e-25
3.92631e-21 1.07149e-25
3.97189e-21 1.09728e-25
4.01800e-21 8.62140e-26
4.06464e-21 1.15044e-25
4.11183e-21 1.17814e-25
4.15956e-21 1.20617e-25
4.20785e-21 1.23491e-25
4.25670e-21 1.26293e-25
4.30611e-21 1.29486e-25
4.35610e-21 1.32626e-25
4.40667e-21 1.35815e-25
4.45782e-21 1.39059e-25
4.50957e-21 1.42339e-25
4.56192e-21 1.45827e-25
4.61488e-21 1.49357e-25
4.66845e-21 1.52942e-25
4.72265e-21 1.56600e-25
4.77747e-21 1.59368e-25
4.83293e-21 1.64245e-25
4.88903e-21 1.68236e-25
4.94579e-21 1.72313e-25
5.00320e-21 1.76455e-25
5.06128e-21 1.80747e-25
5.12004e-21 1.85087e-25
5.17947e-21 1.89599e-25
5.23960e-21 1.94203e-25
5.30043e-21 1.98914e-25
5.36196e-21 2.03744e-25
5.42420e-21 2.08687e-25
5.48717e-21 2.13745e-25
5.55087e-21 2.18954e-25
5.61531e-21 2.24293e-25
5.68049e-21 2.29776e-25
5.74643e-21 2.35345e-25
5.81314e-21 2.41083e-25
5.88063e-21 2.46979e-25
5.94889e-21 2.53046e-25
6.01795e-21 2.59278e-25
6.08781e-21 2.65609e-25
6.15848e-21 2.72162e-25
6.22997e-21 2.78799e-25
6.30230e-21 2.85686e-25
6.37546e-21 2.92736e-25
6.44947e-21 2.99946e-25
6.52434e-21 3.07338e-25
6.60008e-21 3.14994e-25
6.67669e-21 3.22746e-25
6.75420e-21 3.30794e-25
6.83261e-21 3.39018e-25
6.91192e-21 3.47445e-25
6.99216e-21 3.56103e-25
7.07333e-21 3.64974e-25
7.15544e-21 3.74045e-25
7.23851e-21 3.83455e-25
7.32254e-21 3.93071e-25
7.40754e-21 4.02911e-25
7.49353e-21 4.13052e-25
7.58052e-21 4.23480e-25
7.66852e-21 4.34138e-25
7.75755e-21 4.45135e-25
7.84760e-21 4.56352e-25
7.93870e-21 4.67951e-25
8.03086e-21 4.79843e-25
8.12408e-21 4.92073e-25
8.21839e-21 5.04688e-25
8.31380e-21 5.17541e-25
8.41031e-21 5.30832e-25
8.50794e-21 5.44488e-25
8.60671e-21 5.58488e-25
8.70662e-21 5.72922e-25
8.80769e-21 5.87774e-25
8.90994e-21 6.03037e-25
9.01337e-21 6.18698e-25
9.11800e-21 6.34848e-25
9.22385e-21 6.51452e-25
9.33093e-21 6.68468e-25
9.43925e-21 6.86084e-25
9.54882e-21 7.04194e-25
9.65967e-21 7.22800e-25
9.77181e-21 7.41921e-25
9.88525e-21 7.61737e-25
1.00000e-20 7.82032e-25
